2017 213  0   5.4  -0.7  10.5  330.  7     5  75.7   93   -24    69
2017 213  1   5.5  -1.1  11.6  333.  7     4  75.7   91   -25    66
2017 213  2   5.5  -1.4  11.4  328.  7     2  75.7  135   -47    87
2017 213  3   5.2  -0.6  11.4  323.  7     0  75.7  163   -58   105
2017 213  4   5.0  -0.1  11.4  316.  7    -3  75.7  170   -69   101
2017 213  5   4.8  -0.2  12.5  317.  7    -1  75.7  116   -20    96
2017 213  6   4.6  -0.8  14.7  316. 13     3  75.7   77    -9    68
2017 213  7   5.0  -2.3  19.3  324. 13     7  75.7  132   -28   104
2017 213  8   3.3   1.0  25.3  324. 13     6  75.7  161  -102    59
2017 213  9   6.9  -0.4   9.9  346. 17     3  75.7  165   -91    74
2017 213 10   6.9  -1.4  10.6  354. 17     3  75.7  176   -92    84
2017 213 11   7.7   0.2  11.7  353. 17     7  75.7  322  -181   142
2017 213 12   9.3  -0.2  13.1  363. 23     6  75.7  279  -163   116
2017 213 13   7.9   0.8   8.6  395. 23     2  75.7  191   -68   122
2017 213 14   7.2   0.9   7.0  428. 23     6  75.7  126   -33    93
2017 213 15   9.5   2.8   4.3  426. 10     3  75.7   73   -52    21
2017 213 16   8.8   4.6   4.4  415. 10     4  75.7   47   -24    23
2017 213 17   8.7   2.2   5.5  454. 10     2  75.7   44   -24    19
2017 213 18   9.7   3.5   5.0  452.  3     1  75.7   44   -27    17
2017 213 19   9.8   3.9   4.5  455.  3     1  75.7   55   -35    20
2017 213 20   9.2   6.1   4.7  440.  3     3  75.7   50   -20    30
2017 213 21   8.2   5.1   4.8  442.  7     3  75.7   60   -17    43
2017 213 22   7.0   4.8   4.5  422.  7     3  75.7   65   -11    54
2017 213 23   5.5   4.1   6.1  422.  7     5  75.7   81   -21    60
2017 214  0   6.8   4.3   4.7  421. 10     1  76.6   62   -10    52
2017 214  1   8.4   3.7   3.1  418. 10     2  76.6   56   -10    46
2017 214  2   9.0   4.2   2.6  406. 10     3  76.6   53   -10    43
2017 214  3   9.0   4.1   3.4  396.  7     6  76.6   63   -13    50
2017 214  4   9.2   4.1   2.3  386.  7     5  76.6   71   -27    44
2017 214  5   8.5   4.4   5.2  372.  7     7  76.6   74   -30    44
2017 214  6   8.1   4.2   4.9  364.  3     5  76.6   69   -30    39
2017 214  7   6.8   1.7   5.2  369.  3     6  76.6   59   -23    36
2017 214  8   6.0   0.4   4.7  397.  3     4  76.6   70   -17    53
2017 214  9   5.5   0.7   4.3  399. 10     4  76.6   75   -29    46
2017 214 10   5.0   1.3   3.7  419. 10     3  76.6   73   -42    31
2017 214 11   3.7  -0.6   3.3  427. 10     2  76.6   63   -35    28
2017 214 12   2.9   0.5   3.5  404. 17     3  76.6   70   -37    33
2017 214 13   3.9  -2.4   4.0  402. 17     4  76.6  116   -43    73
2017 214 14   4.0  -3.0   5.4  394. 17     3  76.6  385  -314    71
2017 214 15   5.3   0.7   4.7  394. 17    -5  76.6  258  -220    38
2017 214 16   4.7   2.1   3.3  393. 17    -5  76.6   52   -31    22
2017 214 17   2.5   0.6   3.7  384. 17    -4  76.6   71   -37    35
2017 214 18   2.7  -1.1   4.1  387.  7    -4  76.6   66   -37    28
2017 214 19   4.0  -0.5   4.2  386.  7    -5  76.6   69   -36    33
2017 214 20   4.6   0.4   2.7  364.  7    -6  76.6  114   -86    28
2017 214 21   5.1   1.0   2.5  359. 10    -7  76.6   87   -57    30
2017 214 22   5.0   0.3   3.4  359. 10    -3  76.6  126   -83    43
2017 214 23   4.5   0.5   4.1  355. 10    -1  76.6  110   -56    55
2017 215  0   4.6   0.0   3.1  351.  3    -1  77.3   43     0    43
2017 215  1   4.4  -0.8   3.3  350.  3     1  77.3   57    -2    55
2017 215  2   4.1  -0.8   3.0  348.  3     1  77.3   53    -4    49
2017 215  3   4.1  -0.1   3.4  348.  7     2  77.3   67   -11    56
2017 215  4   3.8  -0.4   2.9  340.  7    -1  77.3   90   -22    68
2017 215  5   3.7  -0.7   2.6  340.  7    -3  77.3   52   -13    39
2017 215  6   3.7   0.1   2.8  341.  3    -3  77.3   51   -14    36
2017 215  7   3.7   0.7   3.2  345.  3     0  77.3   58   -15    43
2017 215  8   3.7   0.8   3.7  344.  3     1  77.3   76   -29    47
2017 215  9   3.6   0.8   4.8  342. 10     4  77.3   82   -39    43
2017 215 10   3.7   1.3   3.2  336. 10     6  77.3   81   -38    42
2017 215 11   5.6   3.7   4.4  355. 10    11  77.3   67   -37    29
2017 215 12   5.8   1.8   6.0  366. 17    12  77.3   62   -34    28
2017 215 13   5.9   0.8   7.4  382. 17    12  77.3   75   -30    45
2017 215 14   7.1  -1.8   8.4  390. 17    11  77.3  110   -54    56
2017 215 15   7.8  -3.1   8.8  390. 37     8  77.3  304  -206    98
2017 215 16   9.2  -6.2  11.0  404. 37     5  77.3  496  -372   125
2017 215 17   9.7   1.5  12.3  402. 37    -1  77.3  457  -314   143
2017 215 18   9.4  -2.1  16.0  391. 37    -1  77.3  371  -281    90
2017 215 19  11.1  -5.6  18.4  399. 37    -3  77.3  386  -240   146
2017 215 20  11.3   0.6  22.0  402. 37     1  77.3  605  -334   272
2017 215 21  15.2  -2.0  19.0  416. 37     5  77.3  336  -177   159
2017 215 22  16.1   2.7  22.6  423. 37     5  77.3  280   -97   183
2017 215 23  16.2   6.8  35.3  420. 37    14  77.3  160   -16   144
2017 216  0  16.9  11.2  37.7  410. 23    20  76.3  133    -5   128
2017 216  1  16.9  13.4  43.8  403. 23    31  76.3  124    -3   121
2017 216  2  17.8  17.2  38.3  398. 23    29  76.3   82    -7    76
2017 216  3  18.6  17.8  35.5  407. 33    30  76.3   67    -6    61
2017 216  4  18.2  17.4  33.3  424. 33    35  76.3   72     2    74
2017 216  5  11.5   9.1  14.2  432. 33    29  76.3   82    -8    74
2017 216  6  14.4   1.3  11.8  430. 37    17  76.3   84    -6    78
2017 216  7  17.2  -3.6  13.4  454. 37    10  76.3  179   -33   146
2017 216  8  18.1  -8.1  10.0  510. 37   -12  76.3  864  -549   315
2017 216  9  16.2  -0.1  10.0  553. 43   -24  76.3  780  -422   357
2017 216 10  15.8  -8.9  11.1  583. 43   -22  76.3  704  -429   275
2017 216 11  12.1   0.2   7.6  605. 43   -33  76.3  485  -292   193
2017 216 12  11.9  -3.8   6.2  622. 43   -27  76.3  466  -338   128
2017 216 13   9.7  -4.1   6.2  642. 43   -25  76.3  428  -285   144
2017 216 14   8.1   1.4   5.5  697. 43   -32  76.3 1071  -725   346
2017 216 15   6.7  -2.6   4.2  711. 43   -32  76.3  462  -264   199
2017 216 16   6.4   2.1   4.6  690. 43   -28  76.3  275  -170   105
2017 216 17   6.9   4.2   4.6  690. 43   -29  76.3  362  -189   173
2017 216 18   7.2   2.6   4.4  662. 33   -26  76.3  325  -224   101
2017 216 19   7.0  -0.6   3.7  647. 33   -24  76.3  218  -120    98
2017 216 20   6.9  -1.3   3.3  655. 33   -20  76.3  141   -69    72
2017 216 21   6.4   1.5   3.1  649. 27   -19  76.3  362  -233   129
2017 216 22   5.5   0.2   2.9  674. 27   -14  76.3  241  -135   106
2017 216 23   5.1   1.2   2.7  668. 27   -14  76.3  314  -164   150
2017 217  0   5.5   0.4   2.5  663. 27   -15  76.3  340  -200   140
2017 217  1   5.3   1.6   2.6  661. 27   -15  76.3  519  -366   153
2017 217  2   5.6  -1.1   2.8  664. 27   -10  76.3  468  -304   165
2017 217  3   5.3  -1.8   2.8  659. 37    -9  76.3  419  -240   179
2017 217  4   5.0  -2.5   2.8  690. 37   -19  76.3  575  -384   192
2017 217  5   4.7   0.3   2.7  673. 37   -29  76.3  615  -452   162
2017 217  6   4.3  -1.9   2.7  701. 27   -27  76.3  413  -301   112
2017 217  7   4.1   0.1   2.4  692. 27   -30  76.3  337  -243    94
2017 217  8   4.2   0.0   2.3  677. 27   -25  76.3  493  -355   138
2017 217  9   4.3  -0.5   2.2  666. 20   -18  76.3  186  -112    75
2017 217 10   4.0  -0.4   2.1  658. 20   -18  76.3  207  -112    95
2017 217 11   4.2  -0.7   2.4  676. 20   -20  76.3  280  -156   125
2017 217 12   4.2  -0.7   2.2  662. 27   -19  76.3  247  -131   116
2017 217 13   4.0  -1.9   2.4  672. 27   -18  76.3  453  -339   114
2017 217 14   4.2  -2.1   2.7  669. 27   -17  76.3  541  -397   144
2017 217 15   4.3   0.2   2.8  655. 37   -11  76.3  339  -244    96
2017 217 16   4.5  -1.6   2.8  670. 37   -11  76.3  144   -97    47
2017 217 17   4.5  -2.3   3.0  675. 37   -15  76.3  581  -412   169
2017 217 18   4.8  -0.4   3.1  680. 33   -14  76.3  558  -396   162
2017 217 19   4.4   0.3   2.8  650. 33   -17  76.3  170  -105    65
2017 217 20   4.1  -1.1   2.9  666. 33   -17  76.3  273  -169   104
2017 217 21   4.4  -1.4   2.9  665. 30   -17  76.3  270  -188    82
2017 217 22   4.3  -2.4   2.9  666. 30   -19  76.3  221  -138    82
2017 217 23   4.5   0.5   2.8  627. 30   -20  76.3  366  -232   134
2017 218  0   5.3  -0.3   2.8  606. 33   -23  75.6  562  -378   184
2017 218  1   5.8   1.5   2.8  616. 33   -18  75.6  298  -199    99
2017 218  2   5.6   1.6   2.7  622. 33   -12  75.6   87   -15    73
2017 218  3   5.2  -1.3   2.7  631. 20    -7  75.6   92   -20    72
2017 218  4   5.2  -0.5   2.2  611. 20    -8  75.6  278  -143   135
2017 218  5   5.8   1.4   2.2  599. 20   -11  75.6  223  -133    90
2017 218  6   5.7   2.1   2.9  621. 23    -9  75.6  149   -91    58
2017 218  7   4.9   1.6   3.6  663. 23   -10  75.6  201  -112    89
2017 218  8   6.2  -0.7   3.6  638. 23   -12  75.6  175   -71   103
2017 218  9   6.1  -2.3   3.6  626. 43   -20  75.6  860  -599   261
2017 218 10   4.9   0.7   3.0  631. 43   -22  75.6  493  -314   180
2017 218 11   4.6  -0.7   2.7  636. 43   -19  75.6  207  -116    91
2017 218 12   4.7  -2.4   2.7  645. 23   -16  75.6  362  -191   171
2017 218 13   4.6  -2.7   2.4  629. 23   -15  75.6  339  -226   113
2017 218 14   4.5  -1.6   2.3  612. 23   -15  75.6  184   -73   111
2017 218 15   4.5  -1.1   2.2  608. 13   -15  75.6   69   -20    49
2017 218 16   4.3   0.0   2.3  613. 13   -14  75.6  118   -72    46
2017 218 17   4.3   0.6   2.3  609. 13   -16  75.6  244  -171    74
2017 218 18   4.5   1.3   2.1  594. 27   -20  75.6  408  -331    76
2017 218 19   4.4   0.5   2.1  594. 27   -19  75.6  138   -81    57
2017 218 20   4.4  -0.4   2.1  588. 27   -16  75.6  192  -118    74
2017 218 21   4.2  -0.4   1.8  578. 20   -12  75.6  364  -288    76
2017 218 22   3.8   0.2   2.4  578. 20   -12  75.6  218  -167    52
2017 218 23   3.9  -0.5   1.9  564. 20    -9  75.6   80   -36    45
2017 219  0   4.0   0.1   1.8  562.  7    -8  74.8   69   -22    47
2017 219  1   4.0   0.1   1.9  550.  7   -10  74.8   70   -21    49
2017 219  2   3.9   0.1   2.0  540.  7    -8  74.8   69   -26    43
2017 219  3   4.0   0.3   2.0  541. 17   -10  74.8  112   -50    62
2017 219  4   4.2   0.6   1.7  516. 17    -9  74.8   59   -21    38
2017 219  5   4.1   0.8   2.3  524. 17    -7  74.8   37    -2    35
2017 219  6   3.4   0.1   2.6  520. 17    -8  74.8  113   -18    95
2017 219  7   2.8  -0.2   2.9  523. 17   -11  74.8  113   -49    65
2017 219  8   2.3  -1.2   3.2  510. 17   -15  74.8  384  -318    66
2017 219  9   3.3   0.2   2.8  511. 20   -17  74.8  387  -308    79
2017 219 10   3.1   1.1   3.2  506. 20   -15  74.8  206  -131    75
2017 219 11   3.0   0.5   3.4  500. 20   -15  74.8  289  -145   144
2017 219 12   3.2  -0.4   3.2  495. 17   -16  74.8  341  -262    78
2017 219 13   3.4  -0.7   3.2  489. 17   -15  74.8  157   -77    81
2017 219 14   3.1  -0.4   3.0  489. 17   -11  74.8  121   -41    79
2017 219 15   3.3  -1.0   3.5  484.  7   -11  74.8   79   -30    48
2017 219 16   3.2  -0.6   3.4  474.  7   -10  74.8   49   -29    19
2017 219 17   3.1   0.2   3.2  471.  7   -10  74.8   44   -20    24
2017 219 18   3.3   0.0   3.1  466.  3    -9  74.8   30   -14    16
2017 219 19   3.3  -1.1   3.1  465.  3    -7  74.8   40   -18    22
2017 219 20   3.1  -0.4   2.7  463.  3    -7  74.8   39   -19    20
2017 219 21   3.1   0.2   2.5  456.  7    -5  74.8   44   -22    22
2017 219 22   2.9  -0.1   2.5  459.  7    -4  74.8   40   -21    19
2017 219 23   3.0   0.6   2.5  460.  7    -6  74.8   38   -13    25
2017 220  0   3.3   0.3   2.2  459.  3   -11  73.0   46   -13    34
2017 220  1   3.4   0.2   2.2  452.  3   -15  73.0   36    -5    31
2017 220  2   3.7   0.2   2.6  456.  3   -15  73.0   37    -5    32
2017 220  3   3.8   0.8   2.2  446.  7   -16  73.0   43    -9    34
2017 220  4   3.9   1.2   2.6  446.  7   -11  73.0   39    -4    35
2017 220  5   4.1   1.2   2.8  448.  7    -9  73.0   29    -4    25
2017 220  6   4.1   0.5   2.5  438.  7    -5  73.0   32    -9    23
2017 220  7   3.6   0.2   2.8  441.  7    -5  73.0   38   -10    27
2017 220  8   2.7  -1.2   3.5  447.  7    -9  73.0   81   -47    34
2017 220  9   2.8  -0.8   3.1  447. 10   -10  73.0   61   -29    32
2017 220 10   2.5   0.0   3.6  444. 10    -8  73.0  119   -96    23
2017 220 11   2.9  -1.0   3.8  438. 10    -7  73.0   70   -41    28
2017 220 12   3.1  -0.1   3.9  429. 10    -3  73.0   61   -28    33
2017 220 13   2.1  -0.7   4.8  432. 10     0  73.0  108   -51    57
2017 220 14   3.1  -1.9   4.5  431. 10     1  73.0   91   -30    61
2017 220 15   4.0  -2.9   4.9  431. 17     3  73.0  157  -113    44
2017 220 16   4.1  -2.7   4.8  438. 17     2  73.0  258  -196    62
2017 220 17   4.2  -3.3   4.5  426. 17    -3  73.0  291  -235    56
2017 220 18   4.5  -3.8   4.7  418. 20    -4  73.0  103   -59    44
2017 220 19   3.4  -2.2   5.2  412. 20    -2  73.0   57   -21    35
2017 220 20   4.0   0.5   4.8  402. 20     4  73.0   50   -31    19
2017 220 21   4.3   0.1   4.7  401.  7     9  73.0   53   -23    30
2017 220 22   4.2   1.6   5.0  401.  7     9  73.0   44   -14    30
2017 220 23   4.1   1.9   4.8  396.  7     5  73.0   37    -6    31
2017 221  0   3.8   1.5   4.9  387.  0     2  73.4   43    -4    39
2017 221  1   3.9   0.1   3.9  381.  0     0  73.4   47    -4    43
2017 221  2   4.2   1.5   4.0  396.  0    -4  73.4   38     1    39
2017 221  3   4.2   3.0   4.6  402.  3    -4  73.4   31     1    33
2017 221  4   4.1   2.6   5.2  402.  3    -2  73.4   32     0    32
2017 221  5   4.0  -0.2   6.1  408.  3    -1  73.4   50    -4    46
2017 221  6   4.4  -1.1   7.0  412. 10    -3  73.4  212  -113    99
2017 221  7   4.8   2.0   6.5  405. 10    -3  73.4  154   -99    55
2017 221  8   4.3   0.2   6.5  402. 10     0  73.4   50   -17    34
2017 221  9   4.6  -1.3   6.4  405. 10    -1  73.4   80   -16    64
2017 221 10   5.4   0.7   3.3  390. 10    -3  73.4  112   -73    38
2017 221 11   5.3   0.3   4.1  400. 10    -1  73.4  173  -108    65
2017 221 12   5.9  -0.6   4.2  433. 13    -3  73.4  214  -113   101
2017 221 13   6.2  -1.0   3.5  419. 13    -6  73.4  223  -133    90
2017 221 14   5.4  -0.5   4.0  438. 13    -4  73.4  151   -76    75
2017 221 15   5.2  -0.6   3.7  437. 10    -3  73.4   63   -37    26
2017 221 16   4.5   0.7   3.5  426. 10    -2  73.4  129   -99    30
2017 221 17   4.0  -2.2   4.0  388. 10     0  73.4  118   -73    44
2017 221 18   4.1  -2.2   4.2  386. 13     0  73.4  140   -89    51
2017 221 19   3.9  -1.2   4.9  386. 13    -3  73.4  128   -73    55
2017 221 20   3.2  -0.1   5.2  396. 13    -4  73.4   52   -21    31
2017 221 21   4.1  -0.6   4.4  394. 10    -5  73.4   53   -14    38
2017 221 22   3.9   0.7   4.3  391. 10    -3  73.4  126   -80    46
2017 221 23   3.5  -1.1   4.7  401. 10    -1  73.4   76   -16    60
2017 222  0   4.0  -2.4   4.9  394.  0    -1  73.0   49     1    50
2017 222  1   3.3  -1.5   5.1  399.  0     0  73.0   56     0    56
2017 222  2   3.6   1.8   4.9  400.  0     1  73.0   58     1    59
2017 222  3   3.4  -0.7   4.7  400. 10     0  73.0   63    -1    63
2017 222  4   3.5  -0.8   4.7  402. 10     0  73.0   64    -2    63
2017 222  5   3.6   0.1   4.8  401. 10     0  73.0   77    -4    73
2017 222  6   3.6   0.3   4.6  399. 13     0  73.0   71    -9    62
2017 222  7   3.3   1.4   5.3  399. 13    -4  73.0   81   -36    45
2017 222  8   3.4   0.0   5.0  395. 13    -5  73.0  143   -99    43
2017 222  9   3.7  -0.6   5.2  401. 13    -5  73.0  261  -202    59
2017 222 10   3.5   0.4   4.8  393. 13    -4  73.0  244  -169    75
2017 222 11   3.4  -0.7   4.4  392. 13    -6  73.0  173  -115    57
2017 222 12   3.8  -1.6   4.3  385. 20    -8  73.0   92   -45    47
2017 222 13   3.9  -0.1   4.8  385. 20    -4  73.0   80   -22    59
2017 222 14   4.0   0.3   4.8  390. 20    -2  73.0   75   -21    54
2017 222 15   4.3  -1.0   5.1  400. 10     2  73.0   75   -28    47
2017 222 16   4.5  -0.5   5.2  404. 10     3  73.0  105   -72    33
2017 222 17   4.4  -0.3   5.3  401. 10     3  73.0   86   -59    27
2017 222 18   4.6   1.0   5.2  394.  3     3  73.0   38   -16    23
2017 222 19   4.5   2.2   5.3  389.  3     7  73.0   40   -16    24
2017 222 20   4.5   1.9   5.3  379.  3    10  73.0   56   -31    25
2017 222 21   4.8  -0.9   5.5  385. 17     9  73.0   66   -31    35
2017 222 22   5.3  -0.9   5.2  383. 17     6  73.0  120   -64    57
2017 222 23   5.5   1.8   5.2  378. 17     1  73.0  109   -44    66
2017 223  0   5.3   2.0   4.9  377. 17    -1  71.7   54    -6    48
2017 223  1   4.4  -0.6   8.0  375. 17     5  71.7   72    -3    69
2017 223  2   2.3   0.0  13.3  380. 17    11  71.7   64     1    65
2017 223  3   3.1  -1.7  13.1  378. 17     9  71.7   92    -8    85
2017 223  4   4.7   0.0  10.2  384. 17     4  71.7  150   -59    90
2017 223  5   6.9   0.4   5.6  384. 17    -5  71.7  147   -61    86
2017 223  6   7.2   2.0   4.1  371. 13    -6  71.7  192  -114    78
2017 223  7   6.6   0.9   4.5  367. 13    -4  71.7   89   -19    70
2017 223  8   6.3   3.0   4.9  391. 13     0  71.7   77   -16    61
2017 223  9   6.9   0.9   4.0  382. 13     3  71.7   57   -13    45
2017 223 10   7.2   1.0   4.4  383. 13     6  71.7   81   -21    59
2017 223 11   7.8   3.5   5.4  390. 13     4  71.7   89   -35    53
2017 223 12   8.1   2.4   5.1  400. 13     3  71.7   70   -36    35
2017 223 13   8.3   0.6   5.2  396. 13     2  71.7   58   -29    29
2017 223 14   8.2  -1.8   5.8  387. 13     2  71.7  113   -63    50
2017 223 15   7.8   0.0   7.4  382. 17     3  71.7  295  -238    57
2017 223 16   8.5   3.3   3.9  396. 17     2  71.7   99   -48    51
2017 223 17   8.3   2.7   4.4  415. 17     4  71.7   41   -16    25
2017 223 18   9.7  -6.0   5.4  415. 30     5  71.7   59   -24    35
2017 223 19  10.1  -2.6   4.8  435. 30    -3  71.7  343  -228   115
2017 223 20   9.1   4.5   6.1  441. 30    -1  71.7  351  -223   129
2017 223 21   7.4   6.0   7.2  469. 13     7  71.7   57   -14    42
2017 223 22   7.3   3.4   7.4  453. 13     9  71.7   51    -9    42
2017 223 23   6.1   2.3   7.6  481. 13    10  71.7   57    -6    51
2017 224  0   7.4   1.8   7.6  478. 27     6  72.2   70    -3    66
2017 224  1  10.3   0.3   5.3  521. 27    -1  72.2   93   -13    79
2017 224  2  11.4   0.8   6.1  533. 27    -2  72.2  285  -103   182
2017 224  3   9.9   2.7   6.1  527. 33    -4  72.2  426  -267   159
2017 224  4  10.1   1.4   5.4  536. 33    -1  72.2  206   -91   115
2017 224  5  10.6   2.2   4.8  537. 33     1  72.2   88    -7    82
2017 224  6  10.7   1.4   3.9  518. 20     2  72.2   98   -16    83
2017 224  7  10.7   1.3   3.8  525. 20    -1  72.2  204   -96   108
2017 224  8  11.6   5.9   3.6  543. 20    -6  72.2  111   -61    50
2017 224  9  11.2   3.6   3.8  539. 10     1  72.2   67   -13    54
2017 224 10  10.9   5.4   3.6  538. 10     3  72.2   70   -22    48
2017 224 11  10.3   6.4   3.6  568. 10     7  72.2   61   -20    41
2017 224 12  10.0   4.2   3.8  572. 13     6  72.2   82   -34    48
2017 224 13   9.7   4.4   2.8  567. 13     3  72.2   83   -35    49
2017 224 14   8.9   4.1   2.8  552. 13     3  72.2  169  -105    65
2017 224 15   8.4   2.8   2.5  550.  7     2  72.2   64   -35    29
2017 224 16   7.8   1.3   2.7  547.  7     4  72.2   55   -26    29
2017 224 17   6.6  -0.5   3.1  588.  7     4  72.2   59   -25    34
2017 224 18   6.4   0.2   2.7  582. 27     3  72.2   95   -41    54
2017 224 19   6.2   0.4   2.2  561. 27    -3  72.2  238  -160    78
2017 224 20   5.6  -1.4   1.9  558. 27    -7  72.2  330  -232    98
2017 224 21   4.8  -0.2   2.2  564. 27    -8  72.2  132   -63    69
2017 224 22   5.0   0.4   2.2  581. 27    -6  72.2  131   -58    73
2017 224 23   5.1  -2.4   2.3  572. 27    -5  72.2  340  -206   134
2017 225  0   6.0  -0.1   2.2  555. 23   -11  70.0  428  -271   157
2017 225  1   6.0   0.7   2.1  536. 23   -11  70.0  164   -70    94
2017 225  2   5.8  -0.2   2.1  536. 23    -8  70.0  153   -31   122
2017 225  3   6.0   0.5   1.9  544. 20    -8  70.0  256  -147   109
2017 225  4   5.7  -1.3   2.0  547. 20    -4  70.0  190   -74   117
2017 225  5   5.7   1.0   1.9  562. 20    -3  70.0  138   -42    96
2017 225  6   5.4   1.1   2.1  565. 17    -3  70.0  121   -45    75
2017 225  7   5.8   3.4   2.0  578. 17    -4  70.0  169  -115    53
2017 225  8   5.2   1.1   2.3  575. 17    -3  70.0   49    -6    43
2017 225  9   5.0   2.7   2.2  576. 13    -3  70.0   68   -23    45
2017 225 10   5.0  -2.7   2.1  570. 13    -1  70.0   82   -34    48
2017 225 11   4.7   0.6   2.1  572. 13    -3  70.0  259  -151   109
2017 225 12   4.6   1.1   2.0  565. 20    -5  70.0  227  -143    84
2017 225 13   4.3   2.0   2.4  593. 20    -6  70.0   85   -47    38
2017 225 14   4.4   1.0   2.4  584. 20    -3  70.0   75   -22    53
2017 225 15   4.2   0.7   2.4  584. 13    -1  70.0  130   -83    47
2017 225 16   4.3  -0.4   2.2  578. 13    -2  70.0   84   -62    22
2017 225 17   4.2  -1.1   2.1  570. 13    -3  70.0  157  -118    39
2017 225 18   4.5   1.2   1.9  597. 17    -8  70.0  203  -157    46
2017 225 19   4.8   0.9   1.8  595. 17    -7  70.0  128   -93    35
2017 225 20   4.8   0.2   1.9  602. 17    -4  70.0   93   -40    52
2017 225 21   4.8   0.3   2.3  596. 20     0  70.0  210  -135    75
2017 225 22   4.9  -0.1   2.6  594. 20     1  70.0  212  -145    67
2017 225 23   5.0  -0.6   2.5  582. 20     1  70.0  122   -46    75
2017 226  0   4.7  -2.1   2.2  571. 20    -6  74.9  254  -119   135
2017 226  1   4.1  -2.0   2.1  551. 20    -9  74.9  270  -131   139
2017 226  2   4.3   2.0   1.7  512. 20   -10  74.9  122   -45    78
2017 226  3   4.7   0.3   1.8  517. 10    -7  74.9   39   -14    25
2017 226  4   4.6   0.6   1.6  511. 10    -5  74.9   44    -2    42
2017 226  5   4.7   1.0   1.2  479. 10    -7  74.9   63    -5    57
2017 226  6   4.9   1.4   1.1  479.  3    -7  74.9   33    -4    28
2017 226  7   4.9   2.0   1.2  480.  3    -6  74.9   32    -6    26
2017 226  8   4.8   0.4   1.2  468.  3    -5  74.9   37   -13    24
2017 226  9   4.8  -1.4   1.2  466. 10    -6  74.9   45   -22    24
2017 226 10   4.6  -1.1   1.1  459. 10    -3  74.9   56   -39    17
2017 226 11   4.6  -1.9   1.2  467. 10    -4  74.9   76   -27    49
2017 226 12   4.5  -1.4   1.3  468. 13    -5  74.9  306  -193   113
2017 226 13   4.4  -1.5   1.2  459. 13    -8  74.9  221  -148    72
2017 226 14   4.3  -2.0   1.2  457. 13    -6  74.9   67   -24    42
2017 226 15   4.1   0.5   1.7  465. 10    -5  74.9  160  -114    45
2017 226 16   4.2  -0.5   1.7  451. 10    -5  74.9   81   -59    22
2017 226 17   4.1  -1.0   1.7  434. 10    -5  74.9  107   -65    42
2017 226 18   4.0  -0.9   1.7  428. 10    -8  74.9  181  -136    45
2017 226 19   3.0   0.7   2.5  453. 10    -6  74.9  128   -88    39
2017 226 20   2.7  -0.8   2.9  457. 10    -2  74.9   56   -22    33
2017 226 21   3.0   1.9   2.9  459. 10     2  74.9   63   -25    38
2017 226 22   3.1  -0.7   2.9  435. 10     4  74.9   52   -16    36
2017 226 23   2.9  -1.9   3.1  439. 10     1  74.9   68   -16    52
2017 227  0   2.8  -0.6   3.2  436.  7     0  76.1   62   -14    48
2017 227  1   3.2   0.0   3.5  450.  7    -1  76.1   63   -14    49
2017 227  2   3.2  -0.3   3.9  449.  7     0  76.1   78   -12    67
2017 227  3   3.3   0.6   3.2  410. 10    -4  76.1   87   -16    72
2017 227  4   3.2  -0.2   3.3  414. 10    -3  76.1   79   -23    56
2017 227  5   3.4   0.1   3.5  409. 10    -2  76.1  132   -43    89
2017 227  6   3.4   1.1   3.7  412.  3     0  76.1   85   -30    55
2017 227  7   3.2   1.3   3.8  412.  3     2  76.1   60   -10    51
2017 227  8   3.2   0.1   4.1  415.  3     2  76.1   61   -17    44
2017 227  9   3.3   1.8   3.6  409.  3     0  76.1   65   -23    41
2017 227 10   3.6   1.7   3.3  400.  3     2  76.1   39   -19    20
2017 227 11   3.3   1.1   3.4  403.  3     3  76.1   51   -23    29
2017 227 12   3.1   0.7   3.8  398.  0     1  76.1   57   -21    36
2017 227 13   2.9   1.5   4.1  397.  0     0  76.1   68   -30    38
2017 227 14   2.9   0.7   4.3  394.  0     0  76.1   75   -38    36
2017 227 15   2.9   0.7   4.4  392.  3     2  76.1   64   -28    36
2017 227 16   2.8   0.8   4.9  390.  3     4  76.1   42    -8    35
2017 227 17   3.1   0.3   4.8  386.  3     3  76.1   32    -4    27
2017 227 18   2.9   0.1   5.4  383.  3     4  76.1   30    -7    23
2017 227 19   2.5   0.8   6.5  377.  3     7  76.1   37   -12    26
2017 227 20   2.6  -0.2   7.8  374.  3     8  76.1   44   -16    28
2017 227 21   2.9  -1.1   8.2  376. 10     8  76.1   53   -20    34
2017 227 22   2.9  -1.2   9.5  370. 10     7  76.1   39    -5    34
2017 227 23   2.8  -0.5   9.5  370. 10     7  76.1   78   -39    38
2017 228  0   2.8  -0.9  11.0  368. 13     9  79.2   67   -22    45
2017 228  1   2.8  -1.9  12.6  368. 13    12  79.2   54   -17    36
2017 228  2   3.7   1.0   7.1  371. 13     8  79.2   65   -13    51
2017 228  3   4.5   2.1   6.2  365.  7     6  79.2   42   -10    32
2017 228  4   4.9   0.8   6.5  360.  7     6  79.2   32    -5    27
2017 228  5   5.0  -1.8   6.1  362.  7     4  79.2   55    -1    55
2017 228  6   5.1  -3.4   5.6  370. 10     1  79.2  219  -105   114
2017 228  7   5.5  -2.8   4.8  368. 10    -6  79.2  256  -155   100
2017 228  8   5.6  -0.9   4.8  363. 10    -8  79.2  176   -91    85
2017 228  9   5.1  -1.5   7.1  361. 13    -2  79.2  102   -30    71
2017 228 10   4.9  -2.8  10.4  358. 13     3  79.2  156   -76    80
2017 228 11   4.4  -2.0  12.5  361. 13     4  79.2  184   -85   100
2017 228 12   5.7   0.4   9.0  360. 13     1  79.2  171   -80    92
2017 228 13   6.0   2.2   6.0  372. 13    -2  79.2   62   -20    42
2017 228 14   5.5  -1.1   6.2  392. 13     2  79.2   62    -8    53
2017 228 15   5.6  -1.3   6.7  392. 13     3  79.2   99   -48    51
2017 228 16   6.0  -2.0   7.4  390. 13     4  79.2  124   -82    43
2017 228 17   6.6  -1.5   8.4  394. 13     3  79.2  181  -118    64
2017 228 18   7.4  -2.5   9.3  400. 20     3  79.2  195  -125    71
2017 228 19   7.5  -4.0   9.2  396. 20     4  79.2  282  -210    72
2017 228 20   7.4  -1.8   9.8  398. 20     5  79.2  272  -174    97
2017 228 21   6.7  -3.0  10.2  405. 20     5  79.2  148   -62    87
2017 228 22   8.1   0.3  10.0  398. 20     3  79.2  185   -88    97
2017 228 23   8.1  -1.1  10.1  401. 20     7  79.2  259  -174    85
2017 229  0   8.9  -0.7  10.9  401. 27     9  78.5  462  -270   192
2017 229  1   8.5   5.7  11.0  405. 27     5  78.5  166   -81    84
2017 229  2   8.2   1.2  11.0  401. 27     7  78.5   66    -3    62
2017 229  3   7.7   0.9  10.9  407. 20     3  78.5  116   -24    92
2017 229  4   7.8   2.6  10.3  420. 20    -2  78.5  143   -58    85
2017 229  5   8.2   2.4   9.3  430. 20    -2  78.5  165  -103    62
2017 229  6   9.8  -2.4  10.8  440. 47     4  78.5   58    -9    50
2017 229  7   9.7  -7.4  12.7  455. 47     6  78.5  259  -134   125
2017 229  8  11.9  -0.2   9.3  464. 47   -13  78.5  785  -599   185
2017 229  9  12.5  -4.6   6.1  502. 47   -28  78.5  627  -380   247
2017 229 10  11.7  -3.2   7.9  513. 47   -36  78.5  474  -233   241
2017 229 11  11.1  -5.9   8.9  514. 47   -33  78.5  731  -581   150
2017 229 12  10.7  -2.4   8.9  502. 47   -31  78.5  946  -704   241
2017 229 13  10.7  -3.0   8.9  514. 47   -33  78.5  585  -322   263
2017 229 14  10.5  -1.9   7.8  489. 47   -27  78.5  724  -432   292
2017 229 15  10.7  -1.6   8.2  500. 30   -27  78.5  353  -190   163
2017 229 16  10.4  -3.5   8.2  502. 30   -26  78.5  208   -89   119
2017 229 17  10.0  -3.0   8.3  501. 30   -26  78.5  410  -212   198
2017 229 18   8.9   0.5   7.4  515. 37   -28  78.5  589  -401   188
2017 229 19   7.4  -0.5   7.6  541. 37   -25  78.5  293  -189   105
2017 229 20   6.3   1.1   7.3  543. 37   -22  78.5  158   -90    67
2017 229 21   7.2  -1.7   7.0  548. 37   -21  78.5  109   -39    70
2017 229 22   6.9   1.4   6.4  535. 37   -23  78.5  396  -240   156
2017 229 23   7.0   1.2   5.5  519. 37   -21  78.5  328  -203   125
2017 230  0   7.6   1.9   5.6  539. 43   -21  82.0  238  -141    97
2017 230  1   7.5  -1.5   5.7  569. 43   -20  82.0  498  -335   163
2017 230  2   7.5  -1.4   5.1  568. 43   -15  82.0  420  -305   115
2017 230  3   6.8  -4.4   4.5  602. 30   -16  82.0  410  -262   148
2017 230  4   6.9   2.0   4.9  604. 30   -16  82.0  173  -101    72
2017 230  5   6.6   4.4   4.1  599. 30   -12  82.0   92   -50    43
2017 230  6   6.4   2.1   4.1  591. 17   -11  82.0  164   -70    95
2017 230  7   6.0   0.4   3.9  584. 17   -17  82.0  179   -78   102
2017 230  8   5.8   0.9   3.8  584. 17   -20  82.0  180   -92    88
2017 230  9   5.7  -1.4   3.7  595. 30   -16  82.0  468  -300   167
2017 230 10   5.7  -0.5   3.4  571. 30   -10  82.0  227  -149    78
2017 230 11   6.0  -1.9   3.7  568. 30   -10  82.0  102   -25    77
2017 230 12   5.8  -1.5   3.8  563. 37   -14  82.0  462  -280   182
2017 230 13   5.4  -2.6   4.5  563. 37   -16  82.0  760  -594   166
2017 230 14   5.3   0.8   4.6  559. 37   -24  82.0  746  -553   193
2017 230 15   5.3   1.1   4.9  554. 30   -20  82.0  300  -207    93
2017 230 16   6.0  -2.4   5.3  557. 30   -15  82.0  170   -97    73
2017 230 17   6.4  -4.5   5.3  593. 30   -20  82.0  420  -216   204
2017 230 18   5.9  -2.2   5.4  572. 47   -24  82.0 1090  -808   282
2017 230 19   5.5  -0.5   5.6  568. 47   -25  82.0  734  -524   210
2017 230 20   5.3  -0.9   5.3  566. 47   -21  82.0  282  -190    92
2017 230 21   5.9  -0.9   5.6  581. 27   -10  82.0  303  -197   106
2017 230 22   5.4   0.9   5.1  569. 27    -8  82.0  245  -185    60
2017 230 23   5.4  -0.7   4.7  578. 27    -9  82.0  272  -185    86
2017 231  0   6.3  -3.4   4.4  595. 43   -12  88.9  447  -304   142
2017 231  1   6.5   2.3   4.3  577. 43   -16  88.9  911  -669   242
2017 231  2   6.1  -1.1   4.5  588. 43   -16  88.9  519  -313   206
2017 231  3   6.3   1.1   4.6  589. 33   -16  88.9  253  -113   141
2017 231  4   7.0  -2.6   4.1  621. 33   -16  88.9  180   -51   129
2017 231  5   6.5  -3.4   4.1  624. 33   -27  88.9  457  -299   158
2017 231  6   6.8   2.5   4.3  620. 47   -33  88.9  815  -703   112
2017 231  7   7.3  -5.0   4.2  637. 47   -24  88.9  536  -400   135
2017 231  8   6.7   1.4   3.7  638. 47   -51  88.9  931  -657   275
2017 231  9   6.0   2.1   4.2  667. 43   -41  88.9  476  -291   185
2017 231 10   6.1  -0.7   4.4  671. 43   -23  88.9  163   -70    93
2017 231 11   6.5  -0.5   3.9  671. 43   -24  88.9  476  -303   173
2017 231 12   5.8   1.8   3.6  706. 40   -16  88.9  637  -524   112
2017 231 13   5.7  -2.0   3.7  728. 40   -18  88.9  318  -227    91
2017 231 14   5.4  -2.8   3.8  736. 40   -16  88.9  197  -156    42
2017 231 15   5.9  -2.1   4.0  729. 47   -16  88.9  425  -272   153
2017 231 16   5.3   2.4   3.9  730. 47   -12  88.9  832  -661   171
2017 231 17   5.2   0.4   3.2  714. 47   -12  88.9  344  -234   110
2017 231 18   5.7  -0.5   3.0  719. 30   -16  88.9  363  -260   103
2017 231 19   5.6   0.1   2.9  722. 30   -15  88.9  226  -140    86
2017 231 20   5.5  -1.4   2.3  717. 30   -12  88.9  306  -196   111
2017 231 21   5.2  -0.2   2.3  723. 43   -14  88.9  713  -474   239
2017 231 22   5.3  -1.5   2.3  728. 43   -12  88.9  648  -437   212
2017 231 23   5.0  -0.6   2.2  709. 43   -17  88.9  649  -448   201
2017 232  0   4.9  -1.3   1.8  705. 43   -25  88.0  666  -471   196
2017 232  1   5.0  -1.3   1.7  726. 43   -28  88.0  819  -617   202
2017 232  2   4.9  -3.5   1.7  752. 43   -27  88.0  780  -535   245
2017 232  3   4.8  -1.7   1.7  742. 50   -41  88.0 1109  -893   216
2017 232  4   4.6  -0.8   1.8  734. 50   -41  88.0  675  -507   168
2017 232  5   4.3   0.3   1.8  731. 50   -35  88.0  449  -323   126
2017 232  6   4.4  -1.3   1.9  730. 30   -34  88.0  342  -248    94
2017 232  7   4.5  -0.4   2.2  744. 30   -34  88.0  438  -318   120
2017 232  8   4.3  -1.8   1.9  730. 30   -26  88.0  517  -377   140
2017 232  9   4.3  -2.3   2.0  711. 23   -26  88.0  506  -342   164
2017 232 10   4.5   2.1   2.0  701. 23   -26  88.0  380  -245   135
2017 232 11   4.5   0.1   2.1  695. 23   -21  88.0  172   -67   105
2017 232 12   5.1   0.6   1.9  673. 23   -17  88.0  181  -106    75
2017 232 13   4.6  -0.9   1.6  671. 23   -17  88.0   86    -9    77
2017 232 14   4.1  -0.5   1.6  681. 23   -16  88.0  100   -29    71
2017 232 15   3.9   0.3   1.7  689. 33   -18  88.0  320  -228    92
2017 232 16   4.1   0.6   1.6  677. 33   -18  88.0  326  -220   106
2017 232 17   4.1  -0.9   1.5  673. 33   -15  88.0  587  -473   115
2017 232 18   3.9  -1.6   1.6  671. 30   -14  88.0  439  -334   105
2017 232 19   3.4   0.0   1.6  656. 30   -18  88.0  298  -216    82
2017 232 20   3.5  -0.5   1.4  661. 30   -17  88.0  295  -193   102
2017 232 21   3.3  -1.0   1.6  666. 30   -22  88.0  331  -217   114
2017 232 22   3.3  -0.9   1.5  651. 30   -23  88.0  386  -268   118
2017 232 23   3.2  -0.6   1.4  644. 30   -20  88.0  350  -233   116
2017 233  0   3.1  -0.5   1.4  638. 23   -16  89.1  220  -121   100
2017 233  1   2.9  -0.3   1.5  636. 23   -15  89.1  290  -184   106
2017 233  2   2.3  -0.9   1.7  642. 23   -16  89.1  335  -205   130
2017 233  3   2.1  -1.1   1.8  635. 23   -16  89.1  284  -190    94
2017 233  4   1.9  -0.9   1.7  623. 23   -17  89.1  327  -234    93
2017 233  5   1.7  -1.1   1.8  612. 23   -15  89.1  274  -189    85
2017 233  6   2.2  -1.8   1.9  606. 30   -13  89.1  241  -156    85
2017 233  7   2.3  -1.4   1.9  605. 30   -13  89.1  190  -107    83
2017 233  8   3.2  -2.3   2.0  594. 30   -18  89.1  536  -420   115
2017 233  9   3.1  -0.8   2.1  587. 27   -23  89.1  478  -375   103
2017 233 10   2.7  -1.5   2.5  584. 27   -22  89.1  155  -122    34
2017 233 11   3.3   0.3   2.6  576. 27   -15  89.1   60   -28    32
2017 233 12   3.4   1.0   2.5  562. 17   -11  89.1  112   -65    47
2017 233 13   3.3   0.6   2.3  571. 17    -9  89.1   56   -24    32
2017 233 14   3.2   0.7   2.4  569. 17   -10  89.1   35   -10    25
2017 233 15   3.5   0.2   2.3  571. 13   -12  89.1   38   -12    25
2017 233 16   3.1  -0.5   2.4  569. 13   -10  89.1   69   -34    35
2017 233 17   2.9  -0.8   2.8  571. 13   -10  89.1  218  -173    44
2017 233 18   4.0   0.3   2.9  560. 20    -8  89.1  272  -229    43
2017 233 19   3.6   1.0   3.4  548. 20    -8  89.1  111   -78    33
2017 233 20   3.3   0.5   3.6  540. 20    -7  89.1   88   -44    43
2017 233 21   4.2  -1.6   4.4  528. 27    -6  89.1  341  -242    99
2017 233 22   5.9   0.6   4.6  551. 27    -3  89.1  241  -173    68
2017 233 23   6.0   1.6   4.8  597. 27    -3  89.1  203  -132    71
2017 234  0   5.8  -3.0   6.9  573. 47    -4  92.3  546  -387   159
2017 234  1   6.0  -3.8   5.1  566. 47   -14  92.3  610  -428   183
2017 234  2   6.7  -4.5   5.8  588. 47   -24  92.3  987  -686   301
2017 234  3   7.5  -2.7   7.8  580. 43   -29  92.3  763  -580   183
2017 234  4   7.9  -1.8   6.3  581. 43   -25  92.3  540  -353   187
2017 234  5   6.7  -1.6  10.2  575. 43   -20  92.3  628  -330   298
2017 234  6   3.9  -0.5   6.9  595. 30   -31  92.3  287  -168   119
2017 234  7   3.0  -1.3   3.9  613. 30   -33  92.3  281  -121   160
2017 234  8   3.6   0.8   2.1  611. 30   -30  92.3  192  -140    52
2017 234  9   3.3  -0.6   2.5  592. 17   -30  92.3  159  -103    56
2017 234 10   3.9   0.1   2.1  600. 17   -30  92.3  194  -148    46
2017 234 11   3.8   0.1   2.5  580. 17   -25  92.3  320  -219   101
2017 234 12   3.8  -1.5   2.7  581. 27   -22  92.3  525  -408   117
2017 234 13   4.1  -1.8   3.0  564. 27   -19  92.3  411  -291   120
2017 234 14   4.1  -1.8   3.2  555. 27   -19  92.3  272  -175    98
2017 234 15   3.9  -0.2   3.1  543. 23   -19  92.3  163  -100    63
2017 234 16   2.6  -1.2   5.5  523. 23   -14  92.3  289  -207    83
2017 234 17   1.8  -0.3   8.2  517. 23    -7  92.3  160   -96    64
2017 234 18   1.8  -0.3  10.0  512. 20    -1  92.3  105   -53    52
2017 234 19   2.6  -0.6   9.1  507. 20    -2  92.3   74   -30    45
2017 234 20   3.8  -2.2   5.4  500. 20    -7  92.3  192  -120    72
2017 234 21   4.6  -3.4   6.0  486. 33    -8  92.3  658  -479   179
2017 234 22   4.7  -3.9   5.8  487. 33   -14  92.3  723  -542   182
2017 234 23   2.8   0.3   6.0  477. 33   -17  92.3  533  -367   166
2017 235  0   4.6  -1.9   5.3  476. 30   -17  87.0  304  -163   141
2017 235  1   5.9  -4.8   4.2  473. 30   -22  87.0  490  -311   179
2017 235  2   5.9  -3.3   4.4  465. 30   -24  87.0  522  -373   148
2017 235  3   5.7  -2.9   4.7  463. 37   -31  87.0  615  -419   196
2017 235  4   5.7  -2.9   4.9  457. 37   -33  87.0  474  -286   188
2017 235  5   5.2  -3.2   6.9  451. 37   -36  87.0  529  -242   287
2017 235  6   4.7  -3.3   5.6  454. 30   -38  87.0  375  -166   209
2017 235  7   4.7  -3.4   6.7  459. 30   -38  87.0  481  -196   286
2017 235  8   5.7  -3.0   5.7  474. 30   -47  87.0  762  -392   370
2017 235  9   5.3  -2.7   7.7  478. 23   -44  87.0  607  -267   339
2017 235 10   7.3  -5.2   5.8  482. 23   -39  87.0  434  -200   234
2017 235 11   7.4  -6.1   5.4  478. 23   -41  87.0  451  -309   142
2017 235 12   6.7  -5.5   4.6  471. 43   -52  87.0  612  -364   248
2017 235 13   6.0  -5.2   5.0  468. 43   -52  87.0  760  -464   296
2017 235 14   5.9  -5.2   5.2  472. 43   -43  87.0 1052  -746   306
2017 235 15   5.9  -5.1   5.6  478. 47   -42  87.0  882  -611   272
2017 235 16   5.6  -5.1   5.8  481. 47   -43  87.0  885  -565   320
2017 235 17   6.1  -5.5   5.8  482. 47   -43  87.0  901  -577   324
2017 235 18   3.2  -1.5   5.8  468. 47   -32  87.0  893  -587   305
2017 235 19   4.1  -3.0   5.2  466. 47   -40  87.0  276  -183    94
2017 235 20   4.0  -3.3   5.7  460. 47   -36  87.0  139   -77    62
2017 235 21   4.5  -4.1   5.9  454. 27   -35  87.0  269  -156   113
2017 235 22   4.3  -3.3   6.2  451. 27   -39  87.0  444  -285   159
2017 235 23   3.6  -2.4   6.4  446. 27   -39  87.0  403  -256   147
2017 236  0   3.4  -2.1   6.5  434. 30   -36  80.5  371  -209   163
2017 236  1   3.1  -2.0   6.4  439. 30   -30  80.5  264  -139   125
2017 236  2   3.1  -2.1   6.1  434. 30   -26  80.5  449  -310   139
2017 236  3   3.4  -2.9   5.9  432. 37   -26  80.5  393  -232   162
2017 236  4   4.4  -3.2   5.8  430. 37   -32  80.5  482  -306   175
2017 236  5   4.7  -4.1   6.1  434. 37   -35  80.5  577  -400   177
2017 236  6   4.9  -2.2   6.6  437. 30   -35  80.5  464  -320   144
2017 236  7   4.7  -3.9   6.6  431. 30   -38  80.5  463  -283   180
2017 236  8   4.2  -2.4   6.5  417. 30   -36  80.5  518  -296   221
2017 236  9   4.2  -0.9   6.7  416. 17   -31  80.5  370  -202   169
2017 236 10   4.5  -3.2   6.3  419. 17   -30  80.5  285  -117   168
2017 236 11   5.7  -4.5   5.0  401. 17   -33  80.5  435  -309   126
2017 236 12   5.2  -3.6   6.5  394. 23   -35  80.5  623  -549    74
2017 236 13   5.1   0.1   6.3  393. 23   -35  80.5  361  -312    49
2017 236 14   4.9  -0.8   5.5  390. 23   -29  80.5  238  -174    64
2017 236 15   4.9   1.3   5.6  390. 17   -19  80.5  227  -157    70
2017 236 16   4.7   1.3   6.0  396. 17   -17  80.5   53   -12    41
2017 236 17   5.0   1.6   5.9  393. 17   -18  80.5   51   -29    22
2017 236 18   5.6   1.8   5.4  384.  3   -18  80.5   56   -26    30
2017 236 19   5.3   2.3   6.3  378.  3   -14  80.5   28   -13    15
2017 236 20   4.5   2.5   6.5  375.  3   -14  80.5   25   -14    10
2017 236 21   3.9   1.9   5.7  366.  3   -20  80.5   38   -23    16
2017 236 22   3.6   0.9   5.1  359.  3   -22  80.5   45   -21    24
2017 236 23   3.2  -0.2   5.5  359.  3   -21  80.5   61   -24    37
2017 237  0   3.5   0.1   5.6  358.  0   -21  82.5   69   -27    41
2017 237  1   3.7  -0.5   4.7  360.  0   -18  82.5   65   -31    34
2017 237  2   3.9   0.2   4.4  361.  0   -16  82.5   66   -29    38
2017 237  3   4.0  -0.1   5.1  359.  7   -15  82.5   66   -27    39
2017 237  4   3.8  -1.1   5.7  357.  7   -19  82.5   59   -27    33
2017 237  5   3.6  -1.3   5.7  352.  7   -17  82.5   81   -39    42
2017 237  6   3.4  -1.0   5.4  351. 13   -16  82.5  161   -95    66
2017 237  7   3.5  -1.4   5.3  350. 13   -15  82.5  124   -88    36
2017 237  8   3.3  -0.5   5.1  343. 13   -11  82.5   80   -58    22
2017 237  9   3.5  -1.8   5.6  347. 13    -9  82.5   60   -31    29
2017 237 10   3.7  -1.6   6.3  351. 13    -5  82.5  105   -63    42
2017 237 11   4.8  -1.7   7.5  356. 13    -3  82.5  213  -166    46
2017 237 12   4.8  -1.6   8.8  360. 17    -3  82.5  368  -281    88
2017 237 13   4.8  -1.1   9.7  360. 17    -6  82.5  174   -99    75
2017 237 14   4.8  -0.8   9.1  348. 17   -10  82.5  110   -39    71
2017 237 15   5.7   0.0   7.1  346. 10   -12  82.5  111   -80    31
2017 237 16   5.2  -1.1   7.1  341. 10    -9  82.5  138  -107    31
2017 237 17   4.8  -2.1   6.7  337. 10    -9  82.5  183  -134    48
2017 237 18   4.2   0.0   6.6  334.  7    -9  82.5   90   -60    30
2017 237 19   4.4  -1.1   6.5  336.  7    -8  82.5   39   -15    24
2017 237 20   5.0  -2.8   5.0  340.  7   -12  82.5   66   -33    34
2017 237 21   5.3  -2.2   4.2  357. 17   -13  82.5  274  -210    63
2017 237 22   5.2  -1.6   6.1  341. 17   -12  82.5  126   -78    48
2017 237 23   4.3   0.1   5.7  342. 17   -12  82.5   62   -34    28
2017 238  0   4.5  -0.5   6.2  346.  3   -11  79.2   38   -17    21
2017 238  1   4.7   0.8   6.8  334.  3   -11  79.2   36   -21    15
2017 238  2   4.3   2.7   7.6  341.  3   -11  79.2   32   -20    12
2017 238  3   4.6   1.3   7.0  333.  3   -12  79.2   43   -18    25
2017 238  4   4.4  -0.5   7.4  338.  3   -12  79.2   67   -23    44
2017 238  5   4.3  -1.0   7.6  341.  3   -10  79.2   91   -28    63
2017 238  6   4.4  -0.4   7.0  337. 10    -9  79.2  188  -106    82
2017 238  7   5.2   0.9   5.2  340. 10   -10  79.2  143   -70    73
2017 238  8   4.9   0.3   4.8  342. 10    -7  79.2   59   -27    32
2017 238  9   4.7   0.4   4.9  342.  3    -7  79.2   59   -34    25
2017 238 10   4.5   0.3   4.7  332.  3    -7  79.2   55   -41    14
2017 238 11   4.1  -0.5   3.8  330.  3    -6  79.2   50   -38    12
2017 238 12   4.0  -0.9   3.5  326.  7    -7  79.2   55   -40    15
2017 238 13   4.1  -1.2   5.0  336.  7    -7  79.2   90   -51    40
2017 238 14   4.4  -0.4   5.1  347.  7    -9  79.2   75   -45    30
2017 238 15   4.2   2.5   5.2  348. 13    -7  79.2  181  -153    29
2017 238 16   3.9   3.3   6.0  348. 13    -4  79.2   49   -28    21
2017 238 17   4.6  -2.3   3.0  350. 13    -6  79.2   54   -37    17
2017 238 18   4.8  -1.1   2.3  345. 10    -6  79.2   66   -45    21
2017 238 19   5.4  -1.4   1.7  346. 10    -6  79.2   99   -79    19
2017 238 20   5.5   0.0   1.5  348. 10    -7  79.2  148  -132    16
2017 238 21   5.6  -1.0   1.5  334.  7    -8  79.2   55   -32    23
2017 238 22   5.4   0.1   2.0  342.  7    -8  79.2   66   -33    33
2017 238 23   5.0   2.5   3.1  323.  7    -9  79.2   39   -19    20
2017 239  0   5.1  -1.0   3.0  318. 23    -9  79.8   40   -21    19
2017 239  1   5.3  -3.1   3.5  356. 23    -8  79.8   83   -34    49
2017 239  2   5.9   1.4   4.0  361. 23   -12  79.8  173   -99    74
2017 239  3   5.8   3.2   3.0  352. 10   -13  79.8   35   -20    15
2017 239  4   6.0   2.9   3.2  343. 10   -13  79.8   29   -17    13
2017 239  5   5.7   2.9   4.3  337. 10    -7  79.8   30   -13    17
2017 239  6   5.9   2.2   4.9  334.  3    -1  79.8   35   -17    18
2017 239  7   5.9   4.3   3.3  324.  3    -3  79.8   39   -20    19
2017 239  8   6.1  -3.0   4.2  327.  3    -4  79.8   36   -19    17
2017 239  9   6.6  -5.5   5.1  330. 17    -8  79.8  115   -42    73
2017 239 10   6.2  -3.8   5.4  334. 17   -18  79.8  348  -253    95
2017 239 11   5.8   1.5   3.2  332. 17   -19  79.8  211  -153    58
2017 239 12   6.7   2.0   3.8  336. 13   -11  79.8   66   -37    29
2017 239 13   7.6   4.7   5.2  337. 13    -7  79.8   46   -19    26
2017 239 14   8.1   1.1   6.0  339. 13    -5  79.8   54   -25    29
2017 239 15   8.6  -7.4   6.7  342. 27    -7  79.8  169   -89    80
2017 239 16   8.2  -4.7   8.9  345. 27    -7  79.8  558  -416   142
2017 239 17   9.2  -6.2   6.7  345. 27   -15  79.8  463  -344   120
2017 239 18   9.3  -8.0   5.7  342. 30   -20  79.8  538  -331   207
2017 239 19   8.8  -7.5   6.0  336. 30   -29  79.8  704  -420   284
2017 239 20   7.6  -6.6   7.1  335. 30   -33  79.8  700  -455   245
2017 239 21   8.0  -6.5   5.1  335. 30   -39  79.8  670  -457   213
2017 239 22   7.8  -2.9   3.7  315. 30   -39  79.8  478  -261   216
2017 239 23   7.8  -1.8   3.3  301. 30   -36  79.8  242  -135   108
2017 240  0   7.7  -1.6   3.7  294.  7   -32  83.2  116   -74    43
2017 240  1   7.8  -2.4   3.5  292.  7   -30  83.2   64   -39    25
2017 240  2   7.6  -0.3   3.4  305.  7   -28  83.2   64   -36    28
2017 240  3   7.6  -3.1   3.3  292.  7   -26  83.2   59   -25    34
2017 240  4   7.6  -2.8   3.6  282.  7   -26  83.2   83   -20    63
2017 240  5   7.5  -2.2   3.3  281.  7   -26  83.2   77   -29    48
2017 240  6   7.4  -1.3   2.9  290.  7   -22  83.2   76   -25    51
2017 240  7   7.1  -1.3   2.8  312.  7   -21  83.2  127   -74    53
2017 240  8   7.2  -1.3   3.6  308.  7   -23  83.2  164  -125    38
2017 240  9   7.7  -2.7   3.9  318.  7   -24  83.2  152  -109    43
2017 240 10   7.7  -3.0   3.4  300.  7   -26  83.2  260  -147   114
2017 240 11   7.4  -3.5   4.1  305.  7   -28  83.2  287  -150   137
2017 240 12   6.9  -1.9   3.6  295.  3   -24  83.2  200  -117    83
2017 240 13   6.8  -0.6   3.5  293.  3   -20  83.2   63   -34    28
2017 240 14   6.5  -0.8   3.0  290.  3   -18  83.2   55   -26    29
2017 240 15   6.9  -1.4   3.0  288.  7   -19  83.2   76   -51    24
2017 240 16   7.5  -1.9   2.6  285.  7   -20  83.2   95   -85    11
2017 240 17   7.2   0.4   2.9  278.  7   -17  83.2   79   -66    13
2017 240 18   7.6   0.5   3.1  274.  0   -12  83.2   44   -34    10
2017 240 19   8.0   1.0   3.2  277.  0    -9  83.2   56   -34    23
2017 240 20   8.3  -0.1   3.2  274.  0    -8  83.2   39   -21    18
2017 240 21   7.7  -2.3   3.2  282.  7   -10  83.2   66   -39    27
2017 240 22   7.3  -1.5   3.8  295.  7   -11  83.2  173  -134    39
2017 240 23   7.5  -0.7   4.2  309.  7   -10  83.2   92   -62    30
2017 241  0   6.3   2.1   5.9  310. 10    -8  85.9   39   -14    25
2017 241  1   4.3   1.2   9.5  320. 10    -1  85.9   46   -12    33
2017 241  2   5.6   1.0   7.3  313. 10     1  85.9   39   -20    19
2017 241  3   5.1   2.9   7.0  324. 13     2  85.9   51   -18    34
2017 241  4   4.7  -2.5   9.2  344. 13     0  85.9   51    -7    44
2017 241  5   5.7  -3.6   8.1  343. 13    -6  85.9  200   -99   101
2017 241  6   4.2  -1.7   8.2  345. 13    -7  85.9  191  -128    64
2017 241  7   4.9   1.4   7.1  340. 13    -6  85.9  162   -93    70
2017 241  8   3.7   0.3   8.8  339. 13    -1  85.9   81   -29    52
2017 241  9   3.6   0.5  11.2  331. 10     2  85.9   76   -41    35
2017 241 10   5.1  -1.0   9.2  319. 10     0  85.9   55   -34    22
2017 241 11   6.4   0.0   7.1  303. 10    -3  85.9   48   -30    18
2017 241 12   6.6  -0.5   5.5  298. 10    -5  85.9   86   -47    39
2017 241 13   5.5   0.9   7.1  312. 10    -3  85.9  155   -92    62
2017 241 14   6.1  -1.1   6.5  303. 10    -2  85.9   75   -37    38
2017 241 15   5.7  -0.1   7.4  299. 23    -2  85.9   42   -21    21
2017 241 16   5.8  -2.3   8.3  297. 23     0  85.9   46   -23    23
2017 241 17   7.1  -3.7  17.9  333. 23     9  85.9  198  -118    80
2017 241 18   6.9   2.4  33.2  347. 40    12  85.9  253  -175    78
2017 241 19   8.7  -4.5  24.5  349. 40     7  85.9  322  -226    96
2017 241 20   9.6  -2.2  18.1  363. 40    -6  85.9  408  -185   223
2017 241 21   9.7   5.0  16.4  354. 23    -8  85.9  199   -87   112
2017 241 22   7.8   4.1  10.4  364. 23    -9  85.9  152   -80    72
2017 241 23   7.2   5.0   7.7  369. 23    -9  85.9  101   -47    54
2017 242  0   5.4   1.4   7.9  372. 20    -9  88.6   39    -8    31
2017 242  1   4.9  -1.7   7.4  381. 20   -12  88.6   67   -21    46
2017 242  2   5.4  -0.7   6.4  375. 20   -16  88.6  262  -174    88
2017 242  3   4.7   1.4   7.1  373. 20   -16  88.6  204  -126    78
2017 242  4   4.0  -2.4   7.2  375. 20   -13  88.6   69   -11    58
2017 242  5   3.6  -0.6   6.9  368. 20   -11  88.6   71   -11    60
2017 242  6   3.3  -1.1   6.9  369. 10    -6  88.6   74   -14    59
2017 242  7   3.3   0.0   6.9  372. 10    -2  88.6   98   -59    39
2017 242  8   3.5  -0.9   6.4  372. 10    -2  88.6  176  -125    51
2017 242  9   2.8  -0.1   6.3  374.  3    -5  88.6   70   -36    34
2017 242 10   2.8  -0.5   6.3  368.  3    -7  88.6   58   -34    24
2017 242 11   3.5   0.7   6.4  362.  3    -7  88.6   96   -72    23
2017 242 12   3.2   1.1   6.8  358.  0    -6  88.6   59   -35    24
2017 242 13   3.4   1.1   5.7  354.  0    -6  88.6   42   -26    16
2017 242 14   2.9   1.1   6.9  347.  0    -5  88.6   44   -31    13
2017 242 15   3.4   0.6   6.8  353.  3    -3  88.6   29   -20     9
2017 242 16   3.9   0.0   7.2  352.  3    -1  88.6   63   -50    13
2017 242 17   3.7  -0.5   8.0  351.  3     1  88.6  103   -86    17
2017 242 18   3.6  -0.5   8.5  348.  7     2  88.6   64   -48    16
2017 242 19   3.9   0.6   7.8  349.  7     3  88.6   68   -48    20
2017 242 20   4.5   1.2   6.4  353.  7     3  88.6   44   -24    19
2017 242 21   4.1   1.1   6.4  365.  0     2  88.6   42   -16    26
2017 242 22   3.6   1.0   6.6  369.  0     2  88.6   38   -11    26
2017 242 23   4.0   1.6   6.7  359.  0    -1  88.6   36   -12    24
2017 243  0   3.2   0.6   7.1  363. 17    -1  93.6   33   -16    17
2017 243  1   4.2   0.9   7.1  350. 17    -1  93.6   40   -16    24
2017 243  2   8.0   2.6  11.8  371. 17     9  93.6   43   -13    29
2017 243  3   7.5   1.3  14.8  382. 30    10  93.6   55    -9    46
2017 243  4   6.5   2.1  18.3  369. 30    11  93.6   77   -11    66
2017 243  5   7.0  -0.1  25.1  374. 30    21  93.6  180   -64   116
2017 243  6  16.3   6.3  78.8  422. 53    60  93.6  194   -63   131
2017 243  7  20.8  -2.1  38.5  471. 53    37  93.6  210   -46   164
2017 243  8  13.0  -5.8  16.2  545. 53    -1  93.6  382  -143   239
2017 243  9  10.7  -3.9  11.4  579. 53   -42  93.6  660  -533   126
2017 243 10   9.7   3.2   8.7  614. 53   -57  93.6  577  -480    96
2017 243 11  10.0  -6.8   7.6  636. 53   -68  93.6  596  -493   102
2017 243 12   8.3  -5.5   7.3  625. 50   -63  93.6  788  -501   287
2017 243 13   8.6  -1.5   5.3  613. 50   -63  93.6 1031  -632   399
2017 243 14   6.2   0.0   5.0  620. 50   -62  93.6  807  -519   288
2017 243 15   5.6  -2.5   4.7  614. 40   -58  93.6  439  -275   164
2017 243 16   4.7   1.2   4.8  617. 40   -53  93.6  317  -151   166
2017 243 17   4.5  -0.9   4.3  601. 40   -43  93.6  256  -133   123
2017 243 18   3.8  -0.2   3.8  594. 37   -43  93.6  364  -253   112
2017 243 19   3.7  -0.7   3.5  594. 37   -42  93.6  539  -364   176
2017 243 20   4.0   0.2   3.1  594. 37   -42  93.6  259  -180    79
2017 243 21   3.6  -0.1   2.9  592. 27   -38  93.6  446  -327   119
2017 243 22   4.1  -0.4   2.7  587. 27   -36  93.6  375  -273   102
2017 243 23   4.0   0.0   3.0  570. 27   -34  93.6  295  -203    92